profinal
Iteration count = 1, obj. fcn = 1342742.857118
Iteration count = 2, obj. fcn = 1162187.827537
Iteration count = 3, obj. fcn = 1154899.134394
Iteration count = 4, obj. fcn = 1119470.876546
Iteration count = 5, obj. fcn = 1025938.569109
Iteration count = 6, obj. fcn = 962381.677634
Iteration count = 7, obj. fcn = 951853.441322
Iteration count = 8, obj. fcn = 950474.143076
Iteration count = 9, obj. fcn = 950169.695462
Iteration count = 10, obj. fcn = 950084.547237
Iteration count = 11, obj. fcn = 950059.527271
Iteration count = 12, obj. fcn = 950052.090684
Iteration count = 13, obj. fcn = 950049.868840
Iteration count = 14, obj. fcn = 950049.202391
Iteration count = 15, obj. fcn = 950049.001787
Iteration count = 16, obj. fcn = 950048.941210
Iteration count = 17, obj. fcn = 950048.922864
Iteration count = 18, obj. fcn = 950048.917293
Iteration count = 19, obj. fcn = 950048.915597
Iteration count = 20, obj. fcn = 950048.915079
Iteration count = 21, obj. fcn = 950048.914921
Iteration count = 22, obj. fcn = 950048.914873
Iteration count = 23, obj. fcn = 950048.914858
Iteration count = 24, obj. fcn = 950048.914853

v =

  Columns 1 through 10 

  198.2693  262.2323  146.6281    0.0062    0.0000    0.0034    0.0035    0.0101    0.0285    0.2786
  129.3583  153.6504  101.9076    0.0063    0.0001    0.0033    0.0035    0.0100    0.0305    0.2853

  Columns 11 through 20 

    0.0150    0.0176    0.0235    0.0449    0.0281   21.8852    0.4654    0.6931   -6.0497    0.2164
    0.0161    0.0181    0.0244    0.0484    0.0235   21.8943    0.5185    0.7318   -5.4753    0.2317

  Columns 21 through 22 

    2.4854    0.1812
    2.3096    0.2212


iter =

     1


v =

  Columns 1 through 10 

  195.8039  276.2397  144.5347    0.0062    0.0000    0.0034    0.0035    0.0101    0.0276    0.2708
  130.4234  151.7939  100.1721    0.0062    0.0000    0.0033    0.0034    0.0098    0.0309    0.2888

  Columns 11 through 20 

    0.0145    0.0169    0.0225    0.0436    0.0283   22.0494    0.4617    0.6948   -6.0470    0.2179
    0.0163    0.0184    0.0250    0.0489    0.0229   21.7924    0.5196    0.7314   -5.4768    0.2314

  Columns 21 through 22 

    2.4836    0.1806
    2.3235    0.2214


iter =

     2


v =

  Columns 1 through 10 

  196.1287  278.5292  145.1899    0.0062    0.0000    0.0034    0.0035    0.0101    0.0277    0.2722
  131.2834  152.5155  100.5174    0.0062    0.0000    0.0033    0.0034    0.0098    0.0308    0.2878

  Columns 11 through 20 

    0.0146    0.0169    0.0226    0.0437    0.0289   22.0091    0.4630    0.6929   -6.0505    0.2173
    0.0163    0.0184    0.0249    0.0488    0.0226   21.8186    0.5180    0.7319   -5.4839    0.2315

  Columns 21 through 22 

    2.4810    0.1807
    2.3275    0.2207


iter =

     3


v =

  Columns 1 through 10 

  196.1287  278.5292  145.1899    0.0062    0.0000    0.0034    0.0035    0.0101    0.0277    0.2722
  131.2834  152.5155  100.5174    0.0062    0.0000    0.0033    0.0034    0.0098    0.0308    0.2878

  Columns 11 through 20 

    0.0146    0.0169    0.0226    0.0437    0.0289   22.0091    0.4630    0.6929   -6.0505    0.2173
    0.0163    0.0184    0.0249    0.0488    0.0226   21.8186    0.5180    0.7319   -5.4839    0.2315

  Columns 21 through 22 

    2.4810    0.1807
    2.3275    0.2207


label_output =

     2
     2
     2
     2
     2
     2
     2
     2
     2
     2
     2
     2
     2
     2
     2
     2
     1
     1
     2
     2
     2
     2
     2
     2
     2
     2
     2
     2
     2
     2
     1
     1
     1
     1
     1
     1
     1
     1
     1
     1
     1
     1
     1
     1
     1
     1
     1
     1
     2
     2
     2
     2
     2
     2
     2
     2
     2
     2
     2
     1
     1
     1
     1
     1
     1
     1
     2
     2
     2
     2
     2
     2
     2
     1
     2
     2
     2
     2
     2
     2
     2
     2
     2
     2
     2
     1
     1
     1
     2
     1
     2
     2
     2
     2
     2
     2
     2
     2
     2
     2
     2
     2
     1
     2
     2
     2
     2
     2
     2
     1
     1
     1
     1
     1
     1
     1
     1
     1
     1
     1
     1
     2
     2
     2
     2
     2
     2
     2
     2
     2
     2
     2
     2
     2
     2
     2
     2
     2
     2
     2
     1
     1
     1
     1
     1
     1
     2
     1
     1
     1
     1
     1
     1
     2
     2
     2
     2
     2
     2
     2
     2
     2
     2
     2
     2
     1
     1
     1
     1
     1
     1
     2
     2
     2
     2
     2
     2
     2
     2
     2
     2
     2
     2
     2
     2
     2
     1
     1
     2
     1
     1
     1
     1
     1
     1

diary off
